113.10928523205675
113.10827351785042
113.1080592803547
113.1086708684683
113.1086979359051
113.10869374964861
113.10820145513587
113.10771348838225
113.10926281892574
113.11581237552356
113.107919141091
113.10918543140913
113.11664771873195
113.10834535095421
113.11566966985416
113.11708320099328
113.11676524262012
113.11838526077453
113.1091848154722
113.10869201970047
113.11901178482734
113.11712551806212
113.1170482006924
113.11765856662852
113.12458451956195
113.12595958390692
113.12518657510172
113.12644220188028
113.1251248345198
113.12462631020456
113.12552113116334
113.12498770406302
113.12450561802552
113.12686244399634
113.12717036175711
113.11751530439268
113.11741679947352
113.11734772385091
113.11916531046371
113.11899802393802
113.119122754266
113.11951570409853
113.12144517786533
113.12034238159683
113.11995004195715
113.11947797226483
113.11878354530812
113.11519921839391
113.1151981719313
113.1159468805512
113.11488372828168
113.11483596329643
113.12863554576721
113.12827852310004
113.1033396035506
113.10361222325638
113.10511845033969
113.10689351965533
113.10410045817895
113.10521891351323
113.10648713394066
113.10651018168015
113.10645071342533
113.12880730021773
113.11393064722867
113.10639680852587
113.12751656619876
113.05753119637949
113.05786020941532
113.05804633661448
113.1367885124897
113.13080889610316
113.13447587203459
113.1353998820209
113.13632643474985
113.13658204019558
113.13699324086322
113.13752050727507
113.13540003868219
113.1329754030854
113.13572892053934
113.13670078401039
113.11484239796862
113.11398108198085
113.11317885192291
113.11179366061693
113.120393621287
113.12165633428012
113.1215632654818
113.12164537802865
113.12145959565429
113.12159606326819
113.1215067964383
113.12087113109112
113.1208676900498
113.12115776105944
113.12153117740404
113.11987413567313
113.12038447385238
113.05814641034529
113.05845905974152
113.05730802309299
113.05994440551252
113.04831184504704
113.05744970042412
113.04825285213961
113.057412550963
113.05744775779942
113.05739503925561
113.05747042647951
113.06282183953682
113.06419623595379
113.06421225676625
113.06425279025984
113.06267551029124
113.06452077001468
113.06566485779057
113.1391977103474
113.13798672744421
113.13352258713516
113.10792908320464
113.11948690435429
113.11718002605598
113.11120684072365
113.11170201873803
113.11518828014593
113.10873484236636
113.10749568705236
113.10742180407773
113.12123361141501
113.12079409279714
113.12130373421233
113.11965994686852
113.12067238966767
113.12163231282511
113.1197004620204
113.11891153970357
113.11732283697167
113.11819572878468
113.11835852099378
113.11925227989413
113.11417032388844
113.11838500765762
113.11997783390338
113.11417648044763
113.11550620689643
113.11523995362687
113.11475929722542
113.11383903002344
113.12084901807054
113.12149542236185
113.06591012649724
113.06530871459398
113.06736381019024
113.06781213389779
113.06785531790695
113.06698150231703
113.0660154316702
113.06087108582086
113.06288364227186
113.06274892222676
113.0650396714063
113.0623110848756
113.06117427139976
113.06003786900509
113.11874956886192
113.11689119390134
113.1145668938752
113.11977192600347
113.11985670760083
113.11141984637261
113.11141411664829
113.10991221289311
113.11099343936351
113.11045672827895
113.10989418614147
113.11405875782194
113.11131890445589
113.11147574606092
113.11409267835822
113.11294365736978
113.11212764007996
113.1210205998408
113.12355803759897
113.12324963983706
113.1241430791816
113.1228171916985
113.12222410600343
113.12196724491702
113.11902951498841
113.11742868898818
113.11516490445759
113.10717152092313
113.11908911502212
113.116955579213
113.11832593228249
113.10827454535037
113.11286273082045
113.11137399341811
113.05881955671941
113.0587783883427
113.06114434599884
113.06332670236566
113.11412210617277
113.11445855302013
113.11342214176712
113.11307899163529
113.11031577285814
113.11086443609817
113.0868364638058
113.0810637373638
113.09226698836393
113.09240825695716
113.09402485350765
113.09380636770018
113.09485645943516
113.08659113555656
113.09962031004228
113.0951249542637
113.09442837373687
113.08517119403521
113.08430730005009
113.08357266272482
113.10689866755331
113.10633825274148
113.1063283468376
113.10557781970954
113.10547434410536
113.08232881712432
113.07910357653597
113.07898544134352
113.07913835397433
113.09914016513412
113.10096977782491
113.11521006905643
113.11228282192467
113.1153132189022
113.11627743129033
113.11181615815916
113.11111701096796
113.11113260497602
113.11098104203022
113.11083140181216
113.11026209782118
113.11085691891735
113.11008918237778
113.11037586621309
113.11441706829893
113.11294669038473
113.11443670359873
113.11220768460227
113.09253615541706
113.09131204584646
113.09160007940632
113.10136129751365
113.08038808408389
113.09664004186342
113.10066361935527
113.1003800641961
113.10357942730636
113.0971132212161
113.09832056735576
113.10033723951683
113.14016257684935
113.13530289499626
113.13666111253632
113.13827230146386
113.13841857002498
113.12509027326719
113.1101683815119
113.13060346724768
113.11022014354845
113.13097751185583
113.11008442518255
113.10989952460703
113.10854636076819
113.11749033000272
113.10946092048968
113.13233986743799
113.10930781461641
113.11109612516584
113.11380542215858
113.12252303525348
113.11149163801316
113.11343035951589
113.11477659720829
113.11134587593685
113.11316822000087
113.11370594385974
113.11088980320699
113.11174981452498
113.11150558811163
113.10927949697864
113.11912043978687
113.11946035950865
113.11752023834813
113.11050429387005
113.10992987701165
113.11096808956161
113.11284205213981
113.11256216620023
113.11359566776152
113.11478359792821
113.13923241849099
113.13451485332125
113.13392842454239
113.1065384072925
113.10844541395761
113.10779253399102
113.0990944975996
113.08897867511602
113.08840801557827
113.09364822138888
113.09445221076824
113.09295603713244
113.09160869214419
113.09006820579617
113.10018205427929
113.09659001564677
113.09787055820532
113.10767520197524
113.11597288398404
113.11598788978719
113.10844247204159
113.11592670716826
113.11590963694019
113.11559546706573
113.10778718618131
113.09176871383661
113.10196163945564
113.10109030528035
113.10284785004424
113.10435325927354
113.09799252081096
113.09505586085405
113.09264199713371
113.09176759805233
113.11319389920459
113.11000184443232
113.11411013006061
113.11638134727548
113.11638159229764
113.1151065593908
113.11530901448783
113.11637078463123
113.11755758431
113.11758789743351
113.1192041072281
113.11638667684531
113.12024828950476
113.115252397039
113.11637259781716
113.11511276136144
113.11358732325553
113.08857644629974
113.10133793217825
113.10467315747968
113.10512843084011
113.10639549470052
113.10748603966925
113.09582521742074
113.10237731925149
113.10008523122455
113.09905920954188
113.09849936818604
113.09562302267959
113.09559829988852
113.0966446303114
113.0900571732176
113.09012215379012
113.09415686443317
113.13887490535157
113.14427828188906
113.1292417530864
113.13075592918743
113.13052237797591
113.12989170612711
113.13044093826419
113.13644990525046
113.13706149243747
113.12953424604632
113.13690103158442
113.13581038659927
113.13851487830519
113.11631929717466
113.10854794032866
113.1130536435838
113.12644347528563
113.12721800247782
113.12872690363041
113.12850201305272
113.12182284477402
113.1101155003551
113.11084769053743
113.11223598384267
113.10935041245465
113.11729635424963
113.10977630318675
113.11151167214899
113.11164708230828
113.10971224066762
113.11357125723018
113.10027835733337
113.1034662123516
113.10430989600017
113.09923144924376
113.1021480149537
113.09899356258569
113.1008879763534
113.10171814156323
113.10224343314498
113.10274560717663
113.10203041870521
113.10538468424673
113.10529409647069
113.10666255948527
113.10708001733707
113.10381765395768
113.10668552989728
113.12591888696969
113.11968276555606
113.12281657138546
113.12284721805285
113.11722176691717
113.10827602191782
113.10714127412302
113.10952501534648
113.10747936199127
113.12866020747451
113.1274932581764
113.1313589670857
113.1312118543677
113.1313713516815
113.13062965351628
113.1299133354493
113.1290127522741
113.12826265191256
113.11223417704323
113.11425476738096
113.11440528032027
113.11458645373435
113.1126745952764
113.11213920711401
113.11322152262268
113.11250441187065
113.1151190238883
113.11315227627401
113.11169268476881
113.11513964919683
113.11519293352447
113.11432260310826
113.11489355862751
113.11577361433103
113.12269050498276
113.10672223224026
113.09756965253558
113.08888725422133
113.08896920791305
113.08902159526873
113.09383607713599
113.09394635284137
113.09409948961196
113.09177481485413
113.0925452856854
113.08983808797323
113.09200042221352
113.0940470040205
113.0927019679974
113.09621891865963
113.09687229330012
113.0973214499906
113.12847380909444
113.12832808351371
113.12945732536394
113.13107499212435
113.13183711779368
113.13322600811894
113.13327310150656
113.13760314485376
113.13951221423041
113.14096614321504
113.14061244995321
113.14041940946798
113.11082516759944
113.11566987301545
113.10848612182845
113.11086575141
113.11473130629814
113.1240721326234
113.12518294380256
113.12594493555505
113.12605670484572
113.12691056019777
113.12879383521859
113.10875018660404
113.10768967299484
113.1268978601378
113.12502262497772
113.12497920009027
113.12638089238666
113.1245658249073
113.12421035504767
113.12469793011832
113.12610113562842
113.12846672692866
113.09713838774731
113.09664491510397
113.09661817732291
113.09630483803662
113.09618693502568
113.09589241950565
113.09514157872897
113.09570165259382
113.09533853800254
113.10001475972736
113.10070633747148
113.10110058618264
113.13508012406075
113.12793558731367
113.12649713069406
113.13347916226734
113.13323952882205
113.12179836988676
112.87851786503563
112.87954364385938
112.88165360649965
112.88288480281004
112.88386927743073
112.88602216831687
112.88744271063331
113.13460263606191
113.13434580002509
113.13555535592387
113.13641329928107
113.13881066659329
113.13618387989833
113.13301144190865
113.1304281525234
113.13048352525418
113.12945029474548
113.13046483259353
113.13037896699291
113.11512364482574
113.11509703113742
113.11869531057265
113.11855871561549
113.11733082101088
113.11832371920492
113.11856484133881
113.11880353247217
113.11961869800297
113.1174375346037
113.120071883085
113.11849374048211
113.12072254562877
113.11646864316606
113.11587253716242
113.10829851108367
113.10747166176326
113.1219468100604
113.1211047482706
113.12022961024738
113.1205266769508
113.12087253823641
113.12322342366438
113.12257030507708
113.12372690730355
113.1207239804468
113.12056066596341
113.11934018151354
113.12087540155342
113.11141808236084
113.11188946424568
113.11268369242936
113.1155512441399
113.11162434170456
113.12421329238758
113.11669367909798
113.11781904289937
113.13338487454205
113.11550871845186
113.11464147137639
113.08391487405905
113.0834747200643
113.08275319471477
113.08183183668858
113.08014220542039
113.07991814694888
113.0841979879615
113.0839057824461
113.08626437806574
113.08717266924883
113.13016355153906
113.12909320207648
113.12987633159733
113.1305734132612
113.13858904386895
113.13958309963
113.13615719742806
113.1345309579304
113.13552508827736
113.13751979933336
113.13803163817173
113.1343928630579
113.13633186249126
113.13348544281804
113.13498626722397
113.13885867073829
113.11492275073711
113.11270214756341
113.10745724225221
113.10744283252374
113.1075606711801
113.10899696038011
113.10846942540567
113.10851187829707
113.10856376020142
113.10857886876697
113.10861285927756
113.10952885535174
113.10914885209232
113.1086727895011
113.11742029695978
113.11854484823927
113.1184516281987
113.11875113655618
113.11436284309207
113.11672365825682
113.0555485476151
113.05642651215359
113.05712576384146
113.05578182334001
113.05774707344413
113.06051757371097
113.06277833914824
113.06595370302766
113.06696088315734
113.06743948492101
113.06466771790981
113.06466294105518
113.06375059970499
113.11462657328642
113.11662801486897
113.11445828946806
113.12185053388217
113.0862195660426
113.08751199981963
113.08337426088693
113.0857451210011
113.08536396495614
113.11019003681145
113.11380137118778
113.11340261530678
113.11202015707093
113.11241758107154
113.11101265851453
113.1101998866171
113.11463070878713
113.11295598667058
113.11446792006691
113.1117211244116
113.11491744484279
113.11486579913138
113.11449123859683
113.11487046868282
113.1133605796974
113.11336713708961
113.11199298113107
113.11075011787747
113.13037622192026
113.13034969268456
113.13451272673164
113.12948091114008
113.13498611222207
113.13469562727958
113.13144513842686
113.13007113177363
113.1303426412137
113.11316418113299
113.1128106875666
113.11170582981066
113.11971454979295
113.12165955199227
113.12072821378362
113.1214400956499
113.11975609603466
113.11260210167447
113.11015178540268
113.11052836050901
113.11015129194692
113.11791852283964
113.11047376301465
113.13374956606131
113.13284127118008
113.13192739702028
113.1228989910235
113.1266112238223
113.12762290265924
113.12584731826925
113.12590089899075
113.12432845933243
113.12407608534608
113.12620380897243
113.12529403356245
113.11430658602389
113.11508488631105
113.11878087802113
113.1167557326141
113.11323612965448
113.11269497641774
113.13363062385287
113.11383985848873
113.1123459724988
113.11364014297304
113.11469787899762
113.1150140628808
113.11579589296073
113.11690112003018
113.11836306837851
113.11914956377385
113.12092977376841
113.11992433588682
113.12235743822693
113.12697034337916
113.08805530194512
113.08785606269568
113.09403491937734
113.09733309993442
113.09780910681839
113.13053769534815
113.13586068952338
113.13936787947239
113.13931768521711
113.13333859813494
113.14027352613286
113.14084499842495
113.1332227184677
113.13593991641872
113.13672002082994
113.13811943468856
113.13969831335456
113.13612726513223
113.13566176112921
113.13492751204603
113.13872268518206
113.14092539746511
113.13217409940371
113.13227493504553
113.13215816630436
113.13216083547609
113.13243727431255
113.13162759003092
113.13064861641128
113.12864147486489
113.13489673587345
113.13611262305827
113.12279158372966
113.12262759024885
113.10800740888352
113.12556046405277
113.12589359198823
113.10727850022606
113.12617342610096
113.12301250241879
113.11558199970248
113.11609692802438
113.11540082284121
113.11058413519537
113.1160545990478
113.11654654540791
113.1163983525763
113.11500581759256
113.11458724207995
113.11264625508376
113.12358036250582
113.12362082884312
113.12240447330089
113.12460561450519
113.11290806959771
113.113335264167
113.11382772862886
113.14064632725174
113.14131933143888
113.14096962021632
113.13979062212962
113.14176458601725
113.14110732950385
113.13943133963306
113.1399015043881
113.13122228474458
113.13696459081017
113.13859827660207
113.13909762191123
113.11194368892004
113.10869973414033
113.11606401153409
113.11476121613364
113.11356300200217
113.11602155004084
113.11192025577031
113.11143686491363
113.10842349898205
113.10882813558985
113.11092246582196
113.10899512369123
113.10735932645711
113.10792361769707
113.10808455472207
113.10820877985404
113.10823919470174
113.10993367921151
113.11191850702139
113.11184275283662
113.11284961602674
113.11026305487269
113.12739579827092
113.11284955099275
113.1274021005599
113.11375644369289
113.12302911807434
113.1236120228778
113.12405089588418
113.1239937153893
113.12265061072557
113.122934826582
113.10874007434444
113.11059566194912
113.11174922787043
113.11237370470604
113.14884712621728
113.1496299705948
113.15031970747606
113.14933751812052
113.10681536508602
113.06889030607509
113.07022799617826
113.06982549330297
113.0866845623105
113.08652061286278
113.08638920743996
113.08673660567811
113.08659392483533
113.12561447752952
113.12645885344548
113.12790809132791
113.12884972690449
113.14165838024796
113.13793749606972
113.13311015790055
113.08077100131105
113.08539739609915
113.13367262894981
113.1358679675282
113.13502171795754
113.13392537361139
113.13519681238496
113.13404474955017
113.13490930971741
113.13681080796864
113.13754441404338
113.1376933703626
113.13724867925352
113.12946245039922
113.14959474102727
113.14796142679691
113.14679812863294
113.06782225956874
113.06815492273674
113.07074756452427
113.07180951724975
113.07349030783513
113.0751640301009
113.12291762307136
113.12950599807677
113.02695676965139
113.02798357312825
113.02800160887523
113.02926581724716
113.0292724466028
113.03216029141115
113.03217247772666
113.03364383487582
113.03501503231578
113.03500641265919
113.09723724955776
113.10160605719156
113.09983021143564
113.1000401474075
113.10462841493407
113.10287093750084
113.10621907826129
113.10491324449174
113.08049700438833
113.1002716263219
113.07217001637214
113.08010376834176
113.09102457167961
113.09709340834117
113.09848574997677
113.09813830581396
113.10166113048318
113.09998448778124
113.12943045124257
113.12596116109522
113.09400457447504
113.09396899640508
113.10322310020733
113.06796154970245
113.11168624529722
113.07046786274738
113.06799464121337
113.12621189423541
113.12360313606321
113.07208001325733
113.08694750091163
113.15891663832119
113.0723982031293
113.10875077486192
113.12483612695809
113.10161033306422
113.10613260375099
113.10506271479247
113.1473460440994
113.14743904047862
113.14798128240741
113.14609373360196
113.14654739127926
113.1477492167726
113.1472761115815
113.14727070383286
113.14796076050004
113.14108836566871
113.12529400792529
113.12466210559688
113.12184092193937
113.12244049342628
113.12353186477704
113.11245483353663
113.10962537771074
113.10681611510441
113.1068398073745
113.10684394528663
113.12380075489848
113.1031111838669
113.1130120623998
113.11383272937364
113.11301100193059
113.11421653167177
113.10110367196589
113.10078394088323
113.1003765367549
113.10011498699926
113.10147581911667
113.0979774589794
113.10041252518005
113.10010961731398
113.10026857537211
113.10397321557167
113.10639809331758
113.071101104854
113.0714167438703
113.08620826101415
113.07101959597668
113.0883656538859
113.08781304330454
113.09284521722283
113.09620928832611
113.10230600206387
113.10130649027151
113.08047759771203
113.0805671486759
113.08058626585648
113.08097576736506
113.13045164291242
113.11010805205169
113.14438025947112
113.12158422756796
113.14032227366188
113.11151274776128
113.13629120497784
113.11568301982146
113.13734103388472
113.13831522517975
113.13409771788716
113.13388488514005
113.13537258226766
113.13540422369819
113.13265784298332
113.13400910941908
113.13253947464703
113.13501535318426
113.13471979449042
113.13850288537319
113.09602563000179
113.06626062436862
113.10692748306273
113.1074721888164
113.1351241441917
113.13522531904721
113.13494636260273
113.13560929298933
113.13536682617382
113.13546327588381
113.13564562389227
113.13570136112976
113.13574459737396
113.13610677989382
113.1361141040804
113.13579043737039
113.13613734438619
113.1257655099386
113.12388945174452
113.1160802727747
113.0902396361852
113.08543904008958
113.08523430188853
113.07552519233617
113.07609819280947
113.07577741401978
113.10693041331287
113.07559993271855
113.1361114976964
113.13605153938917
113.13532185126061
113.13561551399873
113.11776857286223
113.11880465647793
113.11987211557198
113.12077839284935
113.12186167531391
113.12332978503198
113.11425978489012
113.09686342357016
113.10227778543467
113.10071952792642
113.09315437825425
113.09429037969954
113.09436139866797
113.09454938254481
113.09077543821003
113.09144696459735
113.08881102818476
113.0924612531216
113.09283288486475
113.09181136897395
113.08787301392407
113.09111182289975
113.09438374594757
113.07163975723155
113.13803040618964
113.07766520623406
113.08562733378704
113.08559921534113
113.11697534602322
113.11908129277266
113.11943960822701
113.1206199117286
113.12212088602651
113.07447760090783
113.12473664840022
113.12928894109388
113.12959953710549
113.12049630949107
113.12098347445634
113.11373892505051
113.11397264883978
113.11339513883108
113.1123392475696
113.11695664390601
113.11652929138516
113.0071420983723
113.0091932519992
113.00914768642218
113.01026305250349
113.01198856947605
113.01203931219597
113.01419426742267
113.01421718623922
113.01539758744696
113.0173728439883
113.01744664059643
113.0188165358954
113.01884348230402
113.02027684459843
113.10389291371882
113.09915161843361
113.101840623551
113.1045115613262
113.10554279264231
113.1171170684942
113.08942248671833
113.10479618797632
113.10406502052533
113.10741546088745
113.09477216899178
113.09649983344279
113.08158979705745
113.13996947096602
113.14270541132753
113.12249603830422
113.12293797231769
113.11340230316952
113.13049878473166
113.1300316381546
113.1295899709135
113.11177686938157
113.11268720190141
113.07096337263069
113.07348277561945
113.07281639635639
113.07637769600821
113.0789963082814
113.07787384053768
113.07902559252588
113.08327023548475
113.08625937829365
113.08805953200549
113.08815686491216
113.09238113057484
113.09959212730585
113.08259255554488
113.08159487456471
113.08661437563367
113.08923239652502
113.11320619888056
113.1142588972617
113.11787282485443
113.12308131514472
113.12272693209057
113.12404905038515
113.12314936604521
113.12952949580843
113.12999766407265
113.12460849900717
113.12464441082983
113.10749606264557
113.12974183496603
113.1282856079856
113.11410993614092
113.12818444549863
113.1586537850002
113.15866433896778
113.15892586341982
113.11567338289044
113.11603618465395
113.09869753555608
113.12967268174265
113.12922772724407
113.1309946859021
113.13694369835049
113.13701850850896
113.13828364563466
113.13891402509262
113.14012992023146
113.08254890143274
113.08747146922543
113.08914264912565
113.10005740033758
113.11424076276921
113.11485432185171
113.10884615038454
113.11049598335869
113.06807948805259
113.06779182988102
113.0678088284888
113.06810996827399
113.1367338892404
113.13768363428625
113.1388340659335
113.14098586436837
113.14214994262728
113.14329341769468
113.14426478056404
113.14535707772208
113.06314819789091
113.13197808917961
113.09156392582828
113.07145178070309
113.04558662720184
113.04585381633088
113.05746770803857
113.0573697899835
113.08864583160673
113.0880455692636
113.09238884688756
113.09071114278305
113.09359062080578
113.09253982238697
113.09500215780456
113.09612049482352
113.10022198466115
113.1027128750752
113.10429594099449
113.10240070244286
113.10535031013501
113.10675375161105
113.06962707450914
113.068790701634
113.0705375058902
113.15865661860457
113.15893443998198
113.15706004818628
113.15427393696118
113.15323817144282
113.08582321985294
113.06538751169677
113.12139811770072
113.13102002846615
113.13339379221125
113.1349603576174
113.06828024672492
113.06937318305103
113.07071429918683
113.0650671569553
113.13177134878994
113.13758526979504
113.10557306888703
113.1325554838152
113.11547718152096
113.1247891558526
113.11556874220852
113.12188539196964
113.1186003722661
113.12398227171583
113.12414649302866
113.12733505108118
113.12834236293878
113.1295258228239
113.1295170450794
113.1273315024921
113.13096410130271
113.12961040517449
113.12990552012779
113.13019603736561
113.12992238731853
113.12961577817823
113.11019342543274
113.11497498621303
113.11234161425787
113.11339720450654
113.11397341797971
113.111714447494
113.12834043266228
113.11164639729044
113.1098294099909
113.12922919014584
113.12345747507824
113.1236468792982
113.12348323280854
113.11598074026699
113.09841683660954
113.12845902120615
113.06767866023286
113.1064002330855
113.1248137541438
113.07637312745616
113.07903136271055
113.07958332595912
113.07823419156611
113.0817269234384
113.1058705651746
113.07752182746079
113.07900767267894
113.07858363132668
113.07975720168841
113.07974251724607
113.08186127855633
113.1005042366641
113.10302083626804
113.08072166065965
113.10575775335175
113.11171271344567
113.10798055553
113.10941800335699
113.12051728986025
113.11923923010946
113.10863325045949
113.12071318675781
113.11257255695699
113.12522586490718
113.11739391133115
113.11356705041122
113.112109699599
113.05731542001318
113.11878995458665
113.10347808190961
113.09619979183536
113.12479212118664
113.11021331330286
113.14732375217521
113.1296443060618
113.12966267762353
113.12967354911268
113.12997065000296
113.12998214638584
113.12962388116206
113.12190809056996
113.11578347393345
113.12390462671648
113.1259704699951
113.1250077306205
113.12520473238281
113.12464413787315
113.12561487027534
113.13182312365053
113.1329855837252
113.13410469041285
113.11549103688402
113.14019093861958
113.03855731184848
113.03913582229242
113.04054484882418
113.04055315680958
113.04324479798268
113.0442808365617
113.04444180155039
113.1073623718396
113.10784882380324
113.10908518124528
113.10902341956285
113.10857421595142
113.10878044661412
113.10674709466181
113.10676808462446
113.10635121420353
113.10628160562972
113.10562232554713
113.10581660473629
113.1110412375319
113.11170156087418
113.1111888232036
113.1109816931226
113.1101943504874
113.12740676943109
113.12619875522891
113.1192729959378
113.11986850212648
113.12672876917294
113.1289750125242
113.127900636895
113.12896812421909
113.06075289499785
113.0604187060405
113.06249207110847
113.06156139258367
113.06088977657407
113.12617459948113
113.13595380956183
113.1334407818909
113.13604548435853
113.13940985526921
113.11106805280872
113.11666080889023
113.12515421590194
113.14615638434643
113.13188927646662
113.1238120879551
113.12826089443007
113.14779183321353
113.14670286486206
113.1484264330228
113.14035441324188
113.14327362410303
113.14450176373636
113.14272707462212
113.13136570691843
113.14075519292851
113.08921115923734
113.1207344889579
113.12933292285159
113.13217441565763
113.124209818698
113.11923929827996
113.13878781319552
113.12684962886911
113.09959512640361
113.09891811624574
113.0980115032307
113.09863047826126
113.09934875567947
113.09987632246317
113.10045224693552
113.09769860805837
113.0835361211953
113.1138518748817
113.10992547342359
113.1133439242862
113.11119983137561
113.11203495378057
113.11326242711763
113.11485621905216
113.14034595032918
113.14030134595407
113.1402581419828
113.1402126396794
113.1405064545738
113.14017861921519
113.1401284545255
113.12890038103266
113.12748634730309
113.12756892351403
113.11491260810517
113.07207850626126
113.12151950722159
113.12609439565516
113.12629569229877
113.12799417748545
113.12929095766214
113.12715671063364
113.12708682744267
113.12712779012308
113.12895565613286
113.13581854404427
113.1385110337184
113.1338646859243
113.1155987286677
113.11593747768929
113.08761905343388
113.12927572841244
113.11473828888626
113.12666616965971
113.11577942997197
113.12629821789396
113.12999579993782
113.1376855504489
113.13710460528044
113.13176471184376
113.13482614056672
113.13740067895951
113.1317609042187
113.14358510710086
113.14307834476895
113.13927482425359
113.13972130305324
113.14055407296516
113.15144720281822
113.14728335280302
113.1472895875643
113.14992640206766
113.1488844989408
113.10046608752926
113.13981989822376
113.14937592949173
113.12342881440402
113.07177422111526
113.13391199650025
113.11521684602411
113.0994949145142
113.11240049722018
113.12823305083955
113.13142776648534
113.00601117558107
113.09425465136816
113.09098284873987
113.09053875074979
113.09524358110636
113.0824038310767
113.08380861887204
113.08527072355108
113.11322093032553
113.11007831324912
113.11624471262769
113.12722526085868
113.12673074075593
113.12662345738131
113.12695710462319
113.12729003296523
113.13213854452245
113.13295866752544
113.13100725944237
113.11131320377129
113.10980440200798
113.10620326397436
113.11054345913912
113.11381993630005
113.11332940880872
113.11281166717478
113.11239808629963
113.11370076923866
113.11237272103354
113.11929068446484
113.11529307333039
113.12794254459169
113.06317994681699
113.11368322691048
113.117057159791
113.10379507844652
113.1396835032016
113.14020646841712
113.13907330061849
113.13794569929246
113.1367404798541
113.13687334797213
113.13738803639788
113.13399641402664
113.13598277169375
113.13606608419158
113.14940386112337
113.14999267409905
113.13657254207659
113.13647315422064
113.13727596041271
113.13738021122406
113.1382320589237
113.1378534349184
113.11664344423707
113.11802039180532
113.12065925039035
113.12172266847791
113.12325682140659
113.12254672134654
113.12199392626633
113.12747753163482
113.09547279926947
113.10043553912054
113.08886745269743
113.0955337777114
113.08458466616408
113.08541631455196
113.0855351803305
113.10849156572932
113.10796307859273
113.10861014643147
113.10794758059289
113.1085462047622
113.13977413576349
113.13886943202144
113.13872239708597
113.14026121547047
113.13925218950158
113.1385490825302
113.13912654237411
113.12477675902424
113.12519811318354
113.08047993608587
113.1036703859934
113.10286697803178
113.0946096143666
113.13162147143765
113.13084940986145
113.13266555662234
113.1319816107167
113.13352868790128
113.12910067544098
113.12966352995403
113.13059911008388
113.11768525115765
113.07626177879105
113.0678514220501
113.06832189266893
113.06815026633836
113.06845240279827
113.14207508961218
113.14256198411387
113.14303252834937
113.13869765161138
113.13884623736615
113.12910721319113
113.12842139650456
113.11680926756137
113.11597993829164
113.11687481361069
113.1155147338003
113.1117563192643
113.13136560474948
113.07908442398228
113.14446261377444
113.11351046595668
113.11455157018918
113.11576629508322
113.11672024537725
113.11498819532049
113.11479965714067
113.11398820960385
113.09483471496395
113.0937433364267
113.09298900985462
113.09376744812339
113.1030545790634
113.07793549364685
113.08536323676705
113.06861018927599
113.07939869497447
113.11735420784284
113.12158824633681
113.12762297250977
113.11084221779036
113.12911144222757
113.09431803102959
113.12974263731232
113.12633078663737
113.10849591212913
113.12535814645844
113.1351289471441
113.08339240024269
113.08414600373193
113.06847721654374
113.06804631050481
113.06059524268125
113.06265484963868
113.08298528190394
113.08822336153919
113.08796205666069
113.10415095436537
113.10782249783804
113.1089686837471
113.11200094440014
113.11364509742909
113.11071748994598
113.12891335178676
113.1279310397005
113.09412912601655
113.1215335272953
113.02188120827483
113.13097881369961
113.03637122083958
113.09607356714105
113.0649189243411
113.09158931314836
113.140812940487
113.11820626241959
113.13020501337947
113.12995120388761
113.11835278683638
113.1308466769332
113.15910181582747
113.06802781280086
113.06793441285456
113.12101856768723
113.14034637390958
113.11540623723306
113.11502038652222
113.12606826329362
113.12596865928131
113.12500706840103
113.12681478830358
113.12599390717128
113.12639966216581
113.12724783391921
113.12449046001639
113.12640834456802
113.12619567861508
113.12641084017186
113.12701129188048
113.12580554515883
113.1264068136111
113.08575169015886
113.13259298791407
113.09239142880271
113.13655187373267
113.10081226869877
113.08819733691757
113.1381555241268
113.1298783743121
113.13393556004898
113.1351411958876
113.13430480668235
113.1360530387766
113.13778107723888
113.13800377897624
113.13685874117145
113.13682953786
113.13735760611979
113.1296045844874
113.10107041121366
113.12869277402433
113.12518052266252
113.12825454975412
113.14199091605656
113.14307287565022
113.1453888805479
113.14609059066606
113.09229732601978
113.09309164328678
113.09844650051049
113.0940028472331
113.09401458940407
113.09252399456709
113.09392932531648
113.09289997287966
113.05906326617112
113.05811308241032
113.05676720393588
113.13272376636398
113.12386459799302
113.11533454456328
113.09148859660277
113.09238534773272
113.1232485713205
113.12999862779206
113.1311364836235
113.10846759827639
113.10721183846528
113.1068796495118
113.107822466488
113.10734223768985
113.10672955460275
113.11616275310494
113.11714941075353
113.12092162673345
113.12983269144712
113.1105945589642
113.10995384844578
113.10888420490114
113.03635937733402
113.03783028033848
113.08615469946733
113.12552988736603
113.12841176563711
113.12891709288482
113.12408742614737
113.12389617200765
113.12461417314194
113.14644251221308
113.11920803610725
113.1235449011566
113.1241693584305
113.11293800425561
113.11402302112015
113.14841999408547
113.14763817900337
113.14690417999502
113.09507927921324
113.10668062948257
113.09351696287264
113.12957454731503
113.10106329228987
113.12994832397138
113.12956360528284
113.14003202798811
113.14116643165742
113.14490832206715
113.12955406282991
113.12993687496031
113.12309597062004
113.12425158718776
113.1304922674895
113.12243381225566
113.12190803478995
113.1227946493948
113.1221770200153
113.12327448961882
113.12284237215017
113.09593145263108
113.09589585038121
113.09600243020813
113.09626725083224
113.09710812988043
113.10744513933639
113.10753166953339
113.10874447552742
113.14885891833023
113.1480303438877
113.14689434501534
113.13794772812369
113.15033645077563
113.06727307356338
113.02053455922824
113.02187227980787
113.02397930054312
113.0256259733321
113.02565040544832
113.14292834745335
113.14320308429839
113.14270630459207
113.1492019387837
113.1440459475584
113.14206157517842
113.14043571538387
113.13345345307512
113.13347040450626
113.13346593517656
113.12350463773089
113.11023927223414
113.11248709593
113.12342309522165
113.12434103388405
113.12509563142298
113.12501492829536
113.06773961806273
113.0943407667612
113.07145758197483
113.10026423765335
113.09230885685821
113.11192029057145
113.1248881933795
113.11584441047606
113.12896758091615
113.11487717297729
113.12616563496783
113.12891119897036
113.1500100264647
113.11015054681401
113.10593856395765
113.12294571352218
113.12364711304315
113.14874310899818
113.13184121822428
113.12481667978493
113.12825525677529
113.12879637754375
113.12910744454469
113.12825724797776
113.12755139470853
113.12879076943858
113.13014757067424
113.13125537992231
113.12954298553404
113.11217222445676
113.10920562423371
113.11580527023747
113.10947400604697
113.1322068262865
113.06772762412119
113.1082581039305
113.14112215630993
113.13485063386493
113.02693170815277
113.13021677135478
113.13093040281626
113.12950168126328
113.1309942351762
113.13059715106044
113.13073087932005
113.06619854701468
113.1083204327415
113.13666338346552
113.10793134271455
113.10739731368788
113.12716401866078
113.13057984686941
113.13574253067073
113.0813682350114
113.1196538904936
113.13797883928612
113.14030150754628
113.13254759939637
113.13095049605239
113.13386147286617
113.13293968532143
113.1334330303796
113.10798621727892
113.11431182324998
113.08600803539473
113.08561448496077
113.12851039898858
113.13008133896494
113.13017609921145
113.13003250432885
113.13002587433603
113.12963678932752
113.13001931120573
113.12959704352302
113.13515535948433
113.1346778386717
113.13506545806186
113.15335052568562
113.14923601370029
113.07498302886376
113.10196508188008
113.09741088125327
113.09886399576125
113.10492240342795
113.11036013389221
113.14266558096863
113.14217199042099
113.12250470463853
113.14050544658883
113.13983952466656
113.13847940935175
113.13918414593417
113.1379432969201
113.12383069554103
113.13819675183261
113.12697306551105
113.13796642845519
113.07694976226861
113.08357107064359
113.13544592279789
113.13501195631137
113.13467579466861
113.13548371529399
113.12829365438752
113.07637079892572
113.13823106096646
113.1082978159836
113.14215000997434
113.1428958690233
113.1377365699627
113.13120635460548
113.13204666607139
113.08455566039687
113.08564994678186
113.10788496190466
113.15020935483035
113.1480433368506
113.15057192200582
113.1500197121245
113.14954523133997
113.14897718726972
113.1473200851123
113.14765222768105
113.1491148213178
113.15024353843259
113.15016394594367
113.14897586457238
113.14756501445653
113.09866412690725
113.10196749501502
113.07068697902105
113.07915756225127
113.07897270809788
113.0791441273624
113.07975895194542
113.08211397978675
113.10027534600219
113.10025403156726
113.10041319243236
113.09706936602959
113.09728947641062
113.09558740095684
113.09848082903306
113.09869643624332
113.101427267872
113.13821537047436
113.11811743268383
113.11497562879721
113.11174509642494
113.11150159641629
113.11158522238733
113.11128679149846
113.11105322590134
113.11128436323342
113.11304180077927
113.11259707860454
113.11234401896121
113.11335980072948
113.11333008238368
113.13160185517246
113.12937551402977
113.14032708443568
113.1366679477848
113.13861352172036
113.13821156860504
113.13890421038138
113.13942367118405
113.10556373031612
113.07130405382881
113.11246683791049
113.08973773468657
113.13090656926131
113.13019405927332
113.00605134833788
113.00715808389707
113.13677846917228
113.07658999767852
113.12683100519754
113.07418089009632
113.08933641444774
113.14851882876877
113.12001685930278
113.11123548318535
113.11556044055098
113.13181880612645
113.13954281328604
113.12089891208454
113.11393817745939
113.11393519392468
113.11467390251569
113.11481086448856
113.11484148353173
113.12168826055104
113.11180394021203
113.11246901402606
113.11142083716342
113.13633029629081
113.13194908425952
113.13192463044007
113.13125291628943
113.13163937302794
113.11519205854172
113.15950529508885
113.1348975611509
113.09405277749663
113.13496578664581
113.0145481337998
113.02177297605752
113.02137816602043
113.02283496162461
113.13888028340543
113.13305689312587
113.1291241826174
113.12819503070759
113.1181772312188
113.09377389721244
113.09592216843282
113.09627633909405
113.04245583069587
113.1260769802804
113.10317374088636
113.09543616511215
113.10465628934672
113.06945590750507
113.09470888670529
113.03969779173683
113.11949788894994
113.13403286507382
113.12608125490532
113.11680480800261
113.07932984156155
113.12558692871873
113.12794439868547
113.14548384299562
113.11310403737279
113.10007638249873
113.13008655563632
113.08740046617719
113.13461254990176
113.09618774376369
113.07203643650824
113.07204431430915
113.12048051361127
113.12068986820006
113.12498839466626
113.14602908813029
113.14603875905117
113.14824644553102
113.1470763152293
113.14806418163356
113.14699996439656
113.14699203146814
113.14738259363992
113.14652451748375
113.14732128965935
113.14912515160758
113.1487955629481
113.0874794129926
113.08784504859598
113.08898290364404
113.08969578591412
113.0968009413449
113.07066205122577
113.07154548821593
113.07277771891226
113.07432709544675
113.0738778974025
113.07525533257238
113.0765523057197
113.07690460053246
113.07734687722152
113.07812471000837
113.07854697330839
113.07855034318592
113.04395381908219
113.0412140616613
113.03908321952512
113.03651507037254
113.04033442444313
113.09273200688494
113.09254115451385
113.10106964959317
113.10078119501708
113.1472223610632
113.14846406949725
113.1085941272562
113.11533371901822
113.11661976691235
113.13217930359491
113.12428956832126
113.10871971714603
113.12042932093102
113.1216815304387
113.11727596504838
113.11850578693188
113.11414822920835
113.11438881565634
113.07205018206635
113.14153306692948
113.10855748247481
113.11519923187448
113.1211659618237
113.12117424302197
113.11620051566622
113.1264140800475
113.11641026164283
113.1199080612008
113.119915616904
113.05911807226865
113.06309705872948
113.10568486531969
113.0778531982449
113.09721709204663
113.10900940752829
113.06145065538065
113.13512087617437
113.1216859817423
113.12240698449759
113.05650922025889
113.07145382175246
113.14227166248838
113.14442334301529
113.14526968449947
113.14614376350055
113.08429758222893
113.13440984863531
113.14299991063528
113.06816977348099
113.05930455385474
113.04917939090844
113.1310146075465
113.06739011714764
113.11217365644019
113.10933459286052
113.12655691793142
113.12868098725481
113.10535327562224
113.0343608120286
113.03292206082274
113.03060872211258
113.03144431651283
113.0291963600238
113.02782810914393
113.02439252804528
113.04766852002582
113.02027678232335
113.02443688111461
113.0244584675791
113.01354013893918
113.01410060213895
113.01674025181275
113.01509618910606
113.0134341153074
113.00145513737883
113.00048461158725
113.00923524571907
113.11252937573853
113.10724132132437
113.11702929877484
113.10754428985787
113.01611612155946
113.01711316559238
113.01720450131909
113.01630827984737
113.0169863303736
113.01714531411854
113.02152513982233
113.02148735750781
113.01755016089857
113.01593838404521
113.01616588578771
113.01484562418752
113.01263783276417
113.01162905719302
113.01364762952248
113.01540117412696
113.11912237482116
113.12835427120825
113.12713791459548
113.13282646071013
113.13214662696201
113.14333391674123
113.13016049252892
113.14241693786057
113.14384766751365
113.13803610119083
113.13804110085555
113.13927982873544
113.13971517882555
113.06087845264759
113.06283025253501
113.06453957532852
113.06517972384553
113.00006081447518
113.14918094562806
113.14849400202
113.11505111443735
113.12430093487718
113.14070898875917
113.13465588715783
113.13556504040912
113.1181793639952
113.12789292816339
113.08782709813359
113.06266488701095
113.14273849913675
113.12063716166102
113.06183236716466
113.09827563267667
113.10670119909811
113.14268947651787
113.12993715620449
113.075534531967
113.01540648721664
113.04427994352044
113.04302274541375
113.04770956486792
113.04873682598857
113.09991263302038
113.1199318263912
113.11519197333674
113.12869219671734
113.14622246295104
113.13567337357058
113.11179741234528
113.14192421204638
113.14663593567231
113.07790747732585
113.01538539618598
113.01880133920216
113.02042304214847
113.02192940652239
113.02200961567952
113.02418235625848
113.02427207777816
113.05283677505184
113.044525489648
113.03250586988268
113.0171677545614
113.01627055367305
113.01551594086858
113.01449880454022
113.01498050463606
113.02397160507329
113.03007123086753
113.01674060313249
113.0554673761087
113.00817179767702
113.0142225733025
113.04217966604128
113.04288620769239
113.10782906725093
113.1049516680849
113.10597412241542
113.11680407643745
113.10404135460051
113.105612607732
113.1048982696592
113.12001005498128
113.12336717364342
113.12353841849666
113.12288159079586
113.11986375336997
113.12340017185466
113.12413559951877
113.12381831225521
113.12069003637413
113.12389656189123
113.13707827592785
113.13706979692893
113.13684444131037
113.13627171523497
113.11022996793186
113.11023979912721
113.10113021613896
113.10112237989986
113.13425367479796
113.14295738984188
113.14246309639411
113.0369130986153
113.04113561600295
113.00115052849988
113.01651685459238
113.03915094808531
113.0082754310904
113.00936831300095
113.05628714628085
113.13967493531788
113.13931840762393
113.12288590798717
113.10849320823168
113.12849947209757
113.1027156109864
113.13002325741056
113.1461757644884
113.09521566337713
113.13740083329019
113.12674800172817
113.12784287269099
113.04284461138704
113.04231069240632
113.04283856346939
113.04282123014521
113.04281362565348
113.04277969820639
113.04276378733636
113.04021627200721
113.04032517941785
113.05021293345732
113.0518779661975
113.05370090116173
113.05842418995883
113.05962700302682
113.06022914348463
113.02208312061377
113.0253113967587
113.02256616480427
113.02202992862465
113.02307294215522
113.02467859668455
113.12008485464293
113.12069012175182
113.12339035282639
113.12283617192796
113.11983654943354
113.12390609747986
113.13236121778995
113.07903666200983
113.09482258139916
113.09642866515794
113.06329831520962
113.06446512111734
113.06679354467082
113.0655937052281
113.06356047793123
113.11320542792768
113.11104365202071
113.01211051730598
113.0105942731105
113.0101148893804
113.0143708894691
113.0152964793572
113.01172471442901
113.01060194343506
113.00897026884772
113.00892955265462
113.00487045249751
112.99986129749841
113.13348794676605
113.15158319197748
113.09115733960954
113.11896281827904
113.1109900874761
113.10407208142719
113.10659731754374
113.07803513303415
113.11207175698495
113.12162526673934
113.06279763609867
113.12485910093385
113.11388306941768
113.11057770753492
113.12448619220311
113.12212146069528
113.10900240826983
113.12441553031779
113.0249228524367
113.13702348225279
113.13646390014472
113.12995879831712
113.14238483600734
113.12381060994645
113.12856152640445
113.06772790088037
113.12914948873474
113.13270009914083
113.07638421737393
113.13785021809568
113.13934488032277
113.13012763763642
113.13676277982799
113.1459505829068
113.13501295522259
113.13808135895401
113.12622822274719
113.14593859308215
113.11190209890697
113.06617174744018
113.11472482665373
113.11422913020512
113.11371149743943
113.11481935160982
113.11476803191351
113.11399633537809
113.07824066795784
113.14090170319938
113.1234132285863
113.12861618943195
113.13164422133744
113.12153421877767
113.12214017870372
113.12432257470176
113.12379530478603
113.10899327297886
113.00020819359028
112.99174385963558
113.01199405359307
113.01021750644479
113.00919698976234
113.00716064080031
113.00714600204135
113.00605259702968
113.00601172188372
113.00474254372396
113.0032380652013
113.05132879658477
113.05219983052204
113.0511875868513
113.05030045691197
113.04964536993535
113.05052452622715
113.04964987444679
113.04908619671295
113.04821129739443
113.10524871930265
113.12227573343361
113.05738875870328
113.06798083212784
113.1136042460213
113.08449623439407
113.10727091033851
113.02432480963323
113.02526304604692
113.02638310970896
113.02657128431025
113.0250531927941
113.02734927447551
113.0279613546005
113.02032966603178
113.02086436150836
113.02142552784893
113.02297693017675
113.02435181420469
113.14529989897812
113.14402564862475
113.14554465795578
113.14466414578217
113.14423382498684
113.12126130506185
113.06949790698526
113.07189131382486
113.07071741222076
113.07067406586008
113.13972232333585
113.13972185696979
113.1214498258374
113.13147759387884
113.13291885917106
113.13300965694042
113.1336949107187
113.07200340529447
113.0720071105682
113.07202107492816
113.06335963512002
113.06687824083058
113.08767408505425
113.10297879002047
113.1057380984294
113.08079350724726
113.11694072587254
113.1411738690034
113.10690299651131
113.14304803821764
113.06770054278473
113.1319888427238
113.11123726008447
113.1057649865016
113.10666506276414
113.09881246615548
113.10759180266031
113.15128871752741
113.04929749818749
113.01869523204122
113.01981610232488
113.01866320514424
113.01863627315724
113.01756114812474
113.01450821903323
113.0164494457349
113.01664913832226
113.01649891042378
113.01778403640066
113.01977217109423
113.08580831080133
113.08626110444294
113.08793227272976
113.08602276909993
113.0807315053234
113.11943868395623
113.10543273861708
113.0241232682203
113.02480196040487
113.02554797540743
113.02592904585447
113.02740970087507
113.02134167386582
113.02019222122676
113.02009280868452
113.02347953719205
113.02493002161647
113.0258937984052
113.00934211435421
113.0072739155918
113.01884333112913
113.02204896648684
113.00797210624575
113.00799331774257
113.00802141330828
113.00806216163399
113.07203020224713
113.02359221004231
113.14082743998976
113.14320634827709
113.1444364367541
113.06201324557239
113.06202495348191
113.06301411697979
113.06305254876149
113.06576725269504
113.06571686112757
113.06713889590698
113.06709593678367
113.1472851105784
113.1479521717696
113.14794829689458
113.07878226096116
113.07665651156775
113.07711922266391
113.12799342099126
113.1270842853275
113.11915706970024
113.13898069303471
113.1384523393203
113.13878714155223
113.13950573476959
113.13970254552078
113.13818597700737
113.13916589313622
113.13917545248168
113.13837443821863
113.07145339641121
113.07134426947697
113.06771253518119
113.03647864625468
113.01520680935175
113.03476438529613
113.02340594870385
113.0230938130072
113.02340161807777
113.12883141821447
113.09639179779474
113.10559561222748
113.09456849795671
113.13458347379894
113.09039629375378
113.09038457307742
113.08891190142029
113.08585242501782
113.08305537683806
113.08189409982892
113.08069396913642
113.08068147428864
113.02390569565245
113.0231367281465
113.02221697503869
113.04516179916891
113.04255643653744
113.03631316131872
113.05180274793263
113.05156285284649
113.05181755896463
113.03853363893721
113.03969835953183
113.04089236128421
113.01579975228697
113.01796067176959
113.02336591932588
113.02920117811888
113.02960241594154
113.03232068469535
113.03459880847319
113.04125475571773
113.12619661968408
113.12560315165048
113.12619636030348
113.12620986302711
113.12580563304763
113.12548123541299
113.12452640150703
113.12700944621527
113.12773771914134
113.12895425946016
113.12567601470096
113.1279062762951
113.12897271318853
113.12790038426702
113.1279330898737
113.12685020290888
113.12672824378059
113.13061429573949
113.11255330689484
113.13309330992035
113.13716489193585
113.14188608107376
113.13959723859705
113.00123954981237
113.00119847615568
113.0000612861344
113.00010540592353
113.01664165435302
113.01670822878413
113.01617031545833
113.07951069892049
113.10303850640584
113.10199215066481
113.13499370323784
113.13535312344325
113.13747506205803
113.1229699587413
113.11489168082291
113.11481397307757
113.11483255101857
113.11950301929912
113.11872919594502
113.10856413120237
113.10990457196195
113.13702993591265
113.0837280780428
113.08481930813977
113.11234128648638
113.04515429634297
113.12505272277966
113.06771862576895
113.12526575192848
113.14504980687688
113.09011142262528
113.08139607860019
113.10915279347603
113.13964524493774
113.09958612104988
113.12708457495901
113.0616962171195
113.10535178981699
113.1108637762526
113.12441782484547
113.14348303158529
113.10372702192095
113.13007065958429
113.12516537140644
113.0960725110515
113.12342021266083
113.07193699988231
113.06948079116876
113.07050263720224
113.07195368481464
113.07298623145978
113.07301065995051
113.07424402883139
113.07425627742778
113.14621118811037
113.14621609733523
113.14609525872099
113.14597340443758
113.14614374880479
113.1460070658574
113.14617767806918
113.14598765249188
113.06790428117291
113.13348641043908
113.13172752098353
113.01712048190602
113.01891750051368
113.02118066036218
113.01341205201322
113.0104428973922
113.01341372627277
113.01540399922337
113.0153307299058
113.02028733270092
113.02188025304584
113.0239233611632
113.02563908966964
113.02565978228812
113.02801098746366
113.0188067671756
113.04792902273408
113.01419963504596
113.0040439739866
113.08095338174597
113.09999151248388
113.10137096765618
113.09414155717909
113.09487555661019
113.08457937429075
113.07758151100562
113.11059624292164
113.12789812952542
113.0607758694123
113.12762596392888
113.12774048010876
113.02644013717594
113.02159167378852
113.02010561527386
113.02027162734717
113.02425519076023
113.02412875765685
113.02378084452755
113.10678171870595
113.06991785594974
113.10423801034109
113.09510653037553
113.11330807666766
113.11069044622062
113.12400242910955
113.12282572485668
113.11936694394113
113.11980311714801
113.1253078613674
113.12591535718313
113.12936006189112
113.07423833301273
113.07304400365167
113.11333168817362
113.11151738466287
113.11114690584219
113.13265265792798
113.12940015124968
113.12840142455556
113.13670130793413
113.12906852362796
113.10954998909966
113.12435476986381
113.10859518117675
113.0885810917853
113.12344783947606
113.14776077706166
113.12748730043971
113.14595145936113
113.14689040424034
113.06693571072562
113.13788359052974
113.13573678961522
113.11181437044196
113.01204245434133
113.00470342455087
113.02054624736478
113.05377766237909
113.02370684707337
113.03971943084534
113.03559817684557
113.03967285811362
113.04290249656971
113.02408665790651
113.05421229051012
113.03157667413736
113.03578490138764
113.01198738565078
113.0831679139733
113.0008491600021
113.04483955698757
113.01770026028161
113.07183236199376
113.07301387525754
113.02284695189117
113.02241071814674
113.04217970006799
113.04251359332466
113.04114751271925
113.03774726283766
113.03820539739523
113.03838594456761
113.0365994356883
113.03869335963935
113.03880309889512
113.03890736552265
113.0390215658504
113.03814244270374
113.03709442413286
113.03609593542717
113.03590963579722
113.08942261410049
113.13456338950267
113.13589490204684
113.13606138693987
113.10980004350144
113.12843136575633
113.1111413956846
113.09273863970219
113.11051274939221
113.1386659629979
113.13148166878385
113.12754367398429
113.12712591490855
113.12386395790875
113.12476007663327
113.1239960548197
113.1248013824785
113.12494474550515
113.12390343313189
113.12320516941286
113.09436187145808
113.09555406140251
113.09546096835452
113.06381923390562
113.07397389276154
113.07517535961361
113.11904195157221
113.12080147917284
113.12280136308623
113.12558107583446
113.13290296376437
113.13501125839697
113.13680205880178
113.13791863401987
113.09489224087565
113.13585396802108
113.13334628041953
113.09996888497935
113.09178306097756
113.12380642610935
113.12349936151008
113.1149703705997
113.13580011174524
113.12511751017824
113.01021271469104
113.01532355680921
113.10284424805766
113.10208240489632
113.13029720838344
113.08449249850169
113.11260542555308
113.11453510513367
113.12051196345621
113.12968690913172
113.11316576686556
113.13511152576659
113.12068054602868
113.11709135912128
113.11694313200213
113.1285366792059
113.098638725799
113.11932578365246
113.05341154610156
113.05368264619007
113.05100439465168
113.05564013924162
113.05625853122291
113.05698634726069
113.02186878425962
113.02063655693861
113.04218480828837
113.0445504905775
113.0465757732044
113.0465324711119
113.04435937713036
113.04449070078554
113.03287172742158
113.03041858420096
113.03014337536614
113.02981605017682
113.0298150256156
113.02948223716847
113.03633898234993
113.15732853103626
113.15503913036115
113.11397637493059
113.1185399115559
113.11190695582435
113.14327428972221
113.1398089573345
112.86397749354434
112.86675112034222
112.90332950539384
112.89121267156817
112.86495728060916
112.87043098840674
113.13776019382108
113.11420382808797
113.11866558161532
113.11097060801833
113.11383927439014
113.12416246971564
113.1169101478114
113.13495979551689
113.11027620167535
113.02928428195244
113.02927731137996
113.12194125141397
113.1230728136554
113.12281436761997
113.1268490808113
113.11876244336965
113.08033586845013
113.1145645688686
113.13285175843946
113.13593966360563
113.10171438992579
113.0884539602898
113.11766952776708
113.06524887192941
113.0658912363466
113.12284939788523
113.12192382333299
113.10759776594637
113.1231927208994
113.15867247936944
113.15215899873336
113.03988097628078
113.0410441810667
113.0301988662431
113.12984211614146
113.1365788763661
113.12157991676176
113.14931059710997
113.08649876885141
113.08746633351026
113.13039456704708
113.12591763259142
113.1186668199456
113.12945911698252
113.10653124904339
113.11436596909314
113.13544512850456
113.13396142608966
113.14308408050282
113.12501660856452
113.11823038464124
113.03217532444995
113.03218774474274
113.0336589606687
113.03367454422866
113.0350297003416
113.03502461620516
113.0385740544357
113.0606925350231
113.0614814864982
113.06162332849459
113.04989366292013
113.05235575676966
113.0531526266011
113.05480873096485
113.05945484719737
113.06156722234587
113.06299186293022
113.06607195922524
113.06703499135773
113.0685240602087
113.06843108345036
113.13276245227253
113.11436982005705
113.12007897273418
113.1316418213569
113.09341270877967
113.14934181541437
113.14582368378396
113.15831935905396
113.13782379557429
113.11908519342316
113.13841253097245
113.09471603991337
113.11016515349894
113.12516184247949
113.08833596135464
113.03573231312294
113.03545455413403
113.03530517010893
113.03923606995484
113.03934686677012
113.05884295122908
113.05884137243761
113.0606539481699
113.1202308970648
113.12085638280831
113.08993369122825
113.09053504143631
113.08793347346011
113.08537711887016
113.08602095111522
113.12096778875322
113.09383724180375
113.0932521647225
113.11312044809068
113.12563873985489
113.1216479499171
113.1187205168254
113.05901041894825
113.05787483330204
113.05649356182754
113.05416014279714
113.05276538841215
113.02281651903682
113.03637307138732
113.03638677518036
113.03784662359699
113.04584071566714
113.04557198289284
113.0444273311384
113.04426485942662
113.04322727621746
113.04056775665731
113.0405613186991
113.0446945369001
113.04550750166075
113.0227399247474
113.03814165895406
113.02405602785905
113.02188950317158
113.01552193948335
113.02245571745965
113.03484779789065
113.01912748030075
113.03395797781637
113.0179169142459
113.04230185449697
113.05283882185472
113.04657062373879
113.01464259750655
113.01021294891117
113.07901814229079
113.0162438696831
113.01738150037443
113.03945400483111
113.03978320121517
113.03844191430535
113.03713478121267
113.03673604565533
113.04042193140599
113.04190222545257
113.0427488049262
113.04273206332894
113.04268793599533
113.04267046369927
113.04262933976125
113.03989214406634
113.03880738065867
113.03782415728608
113.03757863301402
113.03735519395082
113.04101473279258
113.01053733112988
113.0134980781603
113.11780256788022
113.11750763842292
113.11841805928495
113.11870822613527
113.11695492695421
113.11574606414331
113.11726339295134
113.11782596935146
113.11845130958845
113.11652746848385
113.11696399948356
113.11583725176042
113.11608011680451
113.11771053207144
113.11888267055099
113.11771910452788
113.11771064106267
113.04472414037387
113.02001810384355
113.01882368863654
113.14196402182503
113.14216381858354
113.14216169401276
113.14220298336228
113.11605253373565
113.06649676011764
113.10308519104332
113.09891282897401
113.13474681421724
113.13459903617233
113.13558654793154
113.13579652099375
113.09268405414619
113.11551577637599
113.11440535771247
113.1099548710088
113.13995643696805
113.05912288169908
113.13091029034456
113.13170257200883
113.10005597114203
113.12825323028866
113.1134573945444
113.13610477274199
112.86198391510327
112.87915064308301
112.90197404979041
112.89596913449161
112.86697961915854
113.12331522432373
113.10077058766753
113.01975018360545
113.0145485892677
113.03137253926491
113.03212528796075
113.03224000571414
113.03212080597059
113.03224771123733
113.03212396119235
113.03226789741488
113.03578315316645
113.03558528893916
113.03559584133484
113.03580388186016
113.01352162074114
113.02579922710375
113.02009444605223
113.05069579314272
113.05253929569466
113.01774307466988
113.02285016233726
113.02837550884884
113.03614934043377
113.0824359380214
113.01340709279687
113.12705196534532
113.13385452999583
113.0846373208476
113.10596075685481
113.02881335484022
113.02329115621849
113.02701722756744
113.02273366876774
113.0819529915375
113.04684531914614
113.07787187481802
113.14959910420046
113.02391233704077
113.01854987042192
113.06407760935409
113.00184925281407
113.00085604417818
113.10416126924206
113.07445359511499
113.07693305203719
113.07729897593073
113.07939751806656
113.07954906637444
113.07770158218437
113.07904374525168
113.08160709600666
113.08043336236979
113.0808031488389
113.11669431676997
113.11590692790449
113.11578474936566
113.12369296602259
113.09892407754346
113.09027567561182
113.10873075776037
113.14651141173246
113.12168660512262
113.11150682607715
113.1306068990767
113.06966596213583
113.03365932103851
113.12061441238691
113.11274221676264
113.08813633248292
113.0878584228131
113.07433101586436
113.13790648771945
113.11985875302011
113.02339049415785
113.04260232467784
113.119987548284
113.12106743221662
113.12067113756754
113.12186302035397
113.12119016068334
113.00479219873421
113.06623030097677
113.1418545271506
113.14211420662626
113.06750494324307
113.0673475047789
113.06752083507872
113.06697187201935
113.0676392692889
113.07121967168294
113.08479386796763
113.14810270722276
113.13350982026918
113.03857765023974
113.03912543380403
113.0979280300232
113.10084995345446
113.08885154035853
113.0649354171589
113.03959263485098
113.03625408784666
113.04270902594642
113.04011680500498
113.121401511778
113.12392911011466
113.09372585828923
113.0427984630996
113.02725116235416
113.1157106100512
113.10669928425935
113.10126631822617
113.11118767418834
113.10938769730339
113.13579443133509
113.09656420327828
113.0951061504681
113.12172419112831
113.10928561091032
113.13267133155375
113.10707017514949
113.09316200215973
113.11440883276492
113.14022628201342
113.12754904288055
113.1068143113719
113.11638990326159
113.13665149138112
113.1207030739005
113.13199429167723
113.14007865883866
113.13027530697136
113.12963452310952
113.11937313479403
113.1232934693111
113.06392165909767
113.02222616475704
113.06952090689975
113.07664210660299
113.13365550853956
113.07202645776955
113.05061235823918
113.01171694449542
113.08139696438083
113.08247266520495
113.08356808868078
113.08467635681066
113.08342973900976
113.078201986181
113.01256381977811
113.02213413622115
113.01632901351589
113.02048985497066
113.03338857372472
113.11332408606391
113.11939858356205
113.07299982846057
113.11050572324652
113.0449903059198
113.04647367129168
113.0301672696475
113.03745242770833
113.13474351316698
113.12194238487207
113.13333293705365
113.11050121224064
113.11025057016421
113.11540053812588
113.10988249009534
113.02241370322602
113.02231736534397
113.02314424298083
113.02320544155032
113.01502321824331
113.01578405841859
113.02155483995806
113.03836328341983
113.12993184288196
113.12952326988906
113.12947298615664
113.12949191737965
113.12989174520192
113.09884217248451
113.09695854195664
113.09555331751947
113.11086251167762
113.07552063703008
113.07552319178583
113.0378487760762
113.0432184715061
113.10751327711232
113.10579493137949
113.09439771947908
113.13247114844697
113.0684610015072
113.14835786096727
113.1206885940425
113.12402074049159
113.13857541580043
113.06364584125895
113.0011998518284
113.03369178505473
113.03562311256475
113.06430829163905
113.0475692060038
113.07917392932276
113.12050407885816
113.0660510272942
113.12702508019984
113.12798672255158
113.10282297793061
113.10285226220883
113.10128672469573
113.10063036640679
113.1125795343
113.1236147500311
113.13781711236405
113.11965435800109
113.09783055047102
113.06067313173041
113.12296465507029
113.13808450954014
113.1282297118322
113.14481125863833
113.13283061470266
113.13562582011384
113.14129192066022
113.10926928695767
113.01890068227725
113.01497189608327
113.0981708853564
113.13787898353921
113.06809375474089
113.13981067989745
113.06314306926552
113.12172547977768
113.08431903544965
113.11438776919319
113.11770254239241
113.14604804625165
113.14629596167916
113.14934909169556
113.07006594314292
113.13261382849302
113.14768803314624
113.1288385496239
113.14342229332993
113.11380369817196
113.11447846119226
113.0781069498343
113.13570535945898
113.1010054003964
113.13846120139547
113.01416989609426
113.0157042769614
113.11490168746724
113.12258192010111
113.11493881050578
113.12988394832853
113.02695940359635
113.0194421923316
113.04358949849811
113.09995619969268
113.01250189154615
113.01169156282843
113.0482344396027
113.04925407816195
113.05034874037125
113.05157072882443
113.05244717856246
113.01540023652292
113.13134197200294
113.15908662537103
113.09730427701457
113.11986160900321
113.10631098437162
113.09552284170204
113.06477227300769
113.06692054430354
113.1135867726739
113.09998152050623
113.11832286948487
113.06491392147963
113.1472994835484
113.12794517416154
113.0720997942929
113.07520022414589
113.14599206950865
113.13359833691402
113.05155910747101
113.08139627799918
113.0114785951003
113.01745357599256
113.01499578355026
113.01443070504821
113.01571179646417
113.01505896690479
113.01581335857962
113.14296824017822
113.11625410040482
113.1151219252712
113.11438858009795
113.11352439823946
113.11385018920538
113.12666927852396
113.12818304241301
113.08517917907422
113.1030482395049
113.1041012573663
113.12619534554938
113.09342753552
113.15815224492422
113.14096040318152
113.03786481740322
113.04320129063125
113.04708483426278
113.09701811754442
113.1242816456347
113.13004115722126
113.09154540422152
113.07823381118372
113.04607157001443
113.03558480124141
113.02982590672265
113.11985608271806
113.11544854486337
113.10468006619163
113.13020551268055
113.11322348179361
113.07448395816603
113.12909293281689
113.12950420736
113.12949602753025
113.12947679495261
113.13601503067146
113.13894876654457
113.13688259931017
113.13810132105242
112.96088265207935
112.96603055521368
112.97173216611735
112.97993543768777
112.97506118039206
113.01513963142754
113.04489175532287
113.10825891088383
113.07748911555151
113.1366012234103
113.13523358697098
113.00568980198429
113.00483972634602
113.00915248793513
113.00479551557183
113.01549613603116
113.01913039651022
113.12398540723395
113.1394340511934
113.13947938097881
113.01788392123572
113.01341364817065
112.9426075515183
112.98180938579719
112.97073220303086
112.95575254212577
112.94899149477074
112.9407118844001
112.9603466007704
112.96253858977866
112.95411251281912
112.88302234937079
112.87706115529606
112.87663772251645
112.88061491834242
112.8622209394118
112.86249769075619
113.01884985437671
113.02398964235914
113.02935024425156
113.04000484702655
113.00199053428472
113.0156711791867
113.06900845147621
113.13431469621047
113.13511677268761
113.1153771831312
113.03799331750878
113.06302701192504
113.06046193449967
113.0696392026144
113.01503728729936
113.04656973447548
113.05184179015824
113.11740715929055
113.01589470592786
113.01484456932464
113.0180948877745
113.0188991155731
113.01915992252023
113.0195026103794
113.02054074302372
113.02170831778002
113.017663741451
113.03510010589105
113.02695248705196
113.04708387962249
113.08506273876704
113.0841905846658
113.08326762383318
113.08087771298459
113.01933858507532
113.01845771722076
113.01834607801071
113.02163237991302
113.04226443291343
113.04493613226262
113.13396018303415
113.1319775640735
113.11588240014217
113.11601376333572
113.116653209453
113.11670450777672
113.10074855369184
113.00010658507158
113.00123758456564
113.00473990976468
113.10084373080726
113.13028752300758
113.13242940855645
113.13135216519109
113.08782934798244
113.12282663526223
113.12241965828447
113.15911339822804
113.15850266917121
113.06293370600035
113.08415566903948
113.09951495979155
113.09812369624719
113.09896337801192
113.14021475886793
113.12060446999568
113.06685025063105
113.08987348915848
